Call:	 agnes(x = seed) 
Agglomerative coefficient:  0.9268709 
Order of objects:
  [1]   1  59  35  50  56  25  18  47   2  58  55  67  69  19   5  23  26   9
 [19]  10  36  37  38  80 125 136 138 139   3   6  57   8  29  22  21  54  14
 [37]  15  30   4  34  68  12  46  41  42   7  33  51  53  16  13  32  39  45
 [55]  48  49  20  64  27  70  28  43  66  63  24  60  31  65  61  62  17  40
 [73] 141 143 185 142 152 165 171 172 189 204 208 144 201 210 197 153 158 163
 [91] 183 167 182 187 196 198 145 159 162 186 148 164 195 205 168 193 209 206
[109] 154 170 157 155 169 173 207 188 192 203 146 156 179 151 184 160 174 177
[127] 181 150 175 191 176 178 194 190 147 166 180 149 199 161 200 202  11  44
[145]  52 133 135  71  77 108 137 122  72  76  73 130  81  75  96 101 123 134
[163] 140  74 132 107 118  92  93 105 119  88  97 104 112  85 109 120  86  99
[181] 124 131 102 128  87 110  98 116 113 100 111 106  84  91 129  78 115  90
[199]  83 121  89  79  95 103 117 126 127  82  94 114
Height (summary):
   Min. 1st Qu.  Median    Mean 3rd Qu.    Max. 
 0.1174  0.3747  0.5716  0.8169  0.9887  6.4100 

Available components:
[1] "order"  "height" "ac"     "merge"  "diss"   "call"   "method" "data"  
