Call:	 agnes(x = dim032) 
Agglomerative coefficient:  0.9702774 
Order of objects:
   [1]    1    7   11   22   40   42   44   41   13   46   62   48    9   10
  [15]   20   16   34   21    6   30   52   64   47   27   28   51   63   58
  [29]   19   18   59   49   25    3   15    8   26   17   12   29   39   53
  [43]   38   36   50   54   35   37   31   24    2   33   23   61   14   56
  [57]   57   45   32   60    5   55    4   43  769  819  771  776  791  787
  [71]  810  824  813  821  820  831  788  795  798  790  803  802  800  777
  [85]  785  793  772  827  808  794  816  781  804  809  811  786  796  826
  [99]  792  801  830  784  832  778  807  774  806  783  770  825  822  797
 [113]  805  782  799  814  812  779  823  789  775  815  829  817  818  773
 [127]  828  780  961 1008 1020  964 1014  968  980  974  975  985  993 1018
 [141]  969  982  977 1002 1021  972  998 1005 1013  991  995  983  987 1001
 [155] 1003 1016 1024 1000  979  963 1019  973  971 1012 1017 1007  996  988
 [169]  994  999  986 1022  989  970  981 1009  992  965 1004  962 1023  990
 [183]  976  978 1015  966 1010  997  984  967 1011 1006  193  219  194  247
 [197]  251  200  237  215  222  223  248  212  210  244  231  224  233  205
 [211]  227  206  211  225  234  256  245  240  238  201  250  220  254  208
 [225]  196  198  214  216  221  229  236  241  202  253  239  209  213  232
 [239]  199  243  207  195  197  204  249  228  203  246  242  226  255  218
 [253]  252  230  217  235  449  464  487  494  496  507  480  508  479  481
 [267]  459  462  503  500  454  458  483  490  475  452  482  506  469  484
 [281]  501  511  498  491  499  502  470  473  486  457  461  467  510  497
 [295]  466  450  492  485  477  463  468  512  455  505  493  476  471  489
 [309]  474  478  495  472  453  460  509  504  465  456  488  451  641  642
 [323]  685  704  655  696  691  644  695  657  677  689  678  662  643  658
 [337]  679  676  667  698  665  671  663  668  681  680  701  700  646  649
 [351]  664  654  652  648  672  653  683  670  687  692  647  659  660  697
 [365]  661  688  693  650  666  674  694  702  682  703  686  656  699  684
 [379]  690  669  645  675  673  651   65   66   67   68  104   88  106   81
 [393]  128   83  125  121  122   76  102  111  126  127  107   84  124   71
 [407]   77  110  108   91   89   96  119  101   74   99  100   94  117   69
 [421]  112   85   73  109   92   70   95   82  113   93  114   97   86   72
 [435]   87   80   90  103  123  115  118   78   98  116   75  120   79  105
 [449]  705  706  707  740  741  768  731  723  724  744  736  747  748  728
 [463]  716  708  762  714  726  722  763  751  717  719  739  709  761  712
 [477]  767  756  752  766  725  718  745  711  754  721  737  746  749  730
 [491]  727  765  732  757  759  715  729  738  755  760  743  733  713  710
 [505]  753  735  734  720  758  750  764  742  321  322  327  333  353  359
 [519]  366  363  373  345  383  375  351  352  378  356  365  368  330  335
 [533]  334  372  377  354  360  340  381  362  369  324  338  341  329  325
 [547]  342  384  355  348  370  336  323  350  376  337  331  371  361  326
 [561]  367  339  328  374  364  349  382  344  347  358  343  379  380  346
 [575]  332  357  385  389  391  427  392  446  420  396  438  409  415  433
 [589]  430  412  445  399  428  429  440  405  414  401  395  431  400  424
 [603]  442  397  435  393  448  404  432  406  418  436  425  444  407  447
 [617]  410  417  426  434  408  443  421  387  390  422  398  386  416  394
 [631]  419  403  439  437  441  423  413  388  402  411  833  836  841  892
 [645]  880  849  862  846  839  845  871  893  842  875  858  867  851  891
 [659]  879  834  837  853  877  884  863  866  857  850  883  885  888  872
 [673]  895  896  869  844  868  865  878  864  835  894  852  874  873  856
 [687]  860  847  855  838  848  882  840  843  887  876  890  861  889  886
 [701]  870  881  854  859  513  514  515  534  542  562  556  573  569  545
 [715]  537  520  547  564  548  527  576  530  553  561  525  529  570  543
 [729]  518  554  559  575  536  552  572  532  550  567  533  528  574  558
 [743]  557  540  541  551  524  549  546  521  517  539  544  566  535  563
 [757]  565  526  531  560  523  571  519  568  516  538  522  555  897  898
 [771]  900  903  905  947  907  949  960  918  929  940  914  936  934  912
 [785]  941  919  943  942  952  927  926  956  932  939  899  909  959  921
 [799]  913  923  946  911  937  957  945  958  924  908  917  925  928  938
 [813]  910  935  902  948  920  950  931  955  953  915  906  904  933  901
 [827]  944  930  916  951  922  954  577  578  579  585  599  634  604  598
 [841]  639  632  626  592  617  589  624  609  622  637  633  640  605  614
 [855]  602  621  581  583  597  584  601  618  607  588  631  627  629  608
 [869]  628  638  635  612  623  606  620  613  615  630  619  616  603  582
 [883]  595  611  587  593  590  625  600  610  636  580  591  596  586  594
 [897]  129  130  134  155  172  145  177  146  168  190  156  171  136  169
 [911]  137  135  186  183  158  131  149  141  152  191  189  138  144  181
 [925]  192  148  187  174  182  157  188  154  161  163  159  151  178  175
 [939]  160  170  176  167  179  133  180  164  185  153  139  147  173  140
 [953]  166  184  143  132  162  165  142  150  257  258  259  260  297  269
 [967]  277  306  289  296  301  312  287  273  264  265  320  298  305  272
 [981]  288  275  291  314  304  278  309  263  266  290  292  286  317  284
 [995]  270  308  302  303  280  315  276  285  295  268  311  282  319  300
[1009]  274  316  313  281  271  283  307  262  318  294  310  267  293  261
[1023]  279  299
Height (summary):
   Min. 1st Qu.  Median    Mean 3rd Qu.    Max. 
  0.000   6.088  12.120  19.540  20.340 460.900 

Available components:
[1] "order"  "height" "ac"     "merge"  "diss"   "call"   "method" "data"  

