Call:	 agnes(x = s2) 
Agglomerative coefficient:  0.990467 
Order of objects:
   [1]    1  211  230  239  270   69  227  232   13   74    5  263   30   95
  [15]   50  101  103  250   15   49  212   16  244   90  117  175  156   63
  [29]  172  295  183  259  243  112  140  182  189   19  284   68  252  124
  [43]   37  180  280  251  291   24   81  138   34  162   79  131  197   42
  [57]  249  261   56   73  146  114  288  202  151  188  275    2  152  276
  [71]  215  213   76  177  119  237  292   10  229   22   23  116  159  258
  [85]   66   86  143  262  190  255  281   32  134  191  287   97  184  130
  [99]  167  136  233    6  235  241   98  271   27  144  194   28  133  163
 [113]  127  128    7   67   85  158   62   83  267  110   53   35   70   94
 [127]  283  113   84  126  149   41   51  223  265  290  206   40 2072  129
 [141]  264 2157  242  107  201   45  170  228  218  293   61  102  204  245
 [155]   91  115  160  178  297   58  141  248   65  269  145   57  286  111
 [169]   52  186  205  257  123  139   12   39   18   89  294  122  209  137
 [183]  273  247  279   25   88   54  187  135  236  246   71   87  168  272
 [197]  300  142  174   14   36  192   75   80   60  253  289  100  222  231
 [211]  226  105  118   99  108  214  203  260   29   47  166  216  164  185
 [225]  220  207   92  181  256    3  240  296  104  268  150   82  225  208
 [239]  147  132  254   26   38  224   44  153  176  161   46  219    8  285
 [253]  238  157  277  299    9   21  234   20  193   31   64  217  148  196
 [267]  298    4  199  221   43   77   33   59  171  274   11   72  154 2108
 [281]   93 2158 2040   48  179  195  210  121  169  200  125 1989 2044 2107
 [295] 2080   17 2008 1951 2087 2142 2200 2236   96 2136 2169  282  278 2103
 [309] 1944 1974 2084 2222   55  106  109  198  120  266  155  165 2237 2269
 [323] 2241 2264 2378 2457 2305 2440 2352 2529 2534 2420 2431 2555 2484 2316
 [337] 2491 2333 2363 2467 2238 2298 2301 2304 2261 2287 2320 2489 2483 2283
 [351] 2421 2244 2245 2539 2247 2239 2493 2262 2312 2546 2428 2255 2400 2520
 [365] 2268 2392 2490 2276 2356 2355 2419 2294 2499 2515 2307 2465 2426 2414
 [379] 2566 2460 2258 2300 2328 2406 2343 2480 2334 2359 2411 2454 2485 2438
 [393] 2488 2551 2256 2518 2409 2541 2273 2445 2286 2250 2448 2527 2554 2263
 [407] 2349 2309 2495 2399 2430 2373 2542 2474 2251 2407 2408 2517 2265 2371
 [421] 2568 2507 2362 2335 2285 2471 2296 2470 2341 2500 2246 2516 2459 2540
 [435] 2558 2342 2427 2452 2521 2259 2396 2240 2544 2272 2288 2330 2252 2403
 [449] 2382 2299 2302 2260 2504 2439 2510 2270 2543 2413 2466 2361 2549 2453
 [463] 2492 2505 2497 2249 2345 2533 2387 2332 2337 2289 2318 2441 2509 2384
 [477] 2292 2377 2395 2418 2405 2322 2321 2379 2443 2327 2383 2478 2402 2325
 [491] 2351 2552 2401 2455 2553 2248 2370 2346 2391 2494 2398 2271 2565 2381
 [505] 2404 2257 2267 2368 2479 2536 2393 2550 2347 2394 2436 2469 2569 2473
 [519] 2314 2486 2481 2306 2422 2562 2315 2482 2501 2525 2275 2360 2417 2297
 [533] 2331 2280 2389 2353 2340 2468 2412 2365 2369 2278 2496 2433 2432 2317
 [547] 2319 2447 2532 2450 2437 2559 2477 2303 2344 2348 2364 2410 2415 2435
 [561] 2547 2556 2514 2326 2476 2336 2531 2338 2456 2498 2311 2564 2464 2354
 [575] 2503 2374 2535 2390 2563 2524 2523 2458 2242 2388 2508 2266 2512 2526
 [589] 2295 2444 2434 2530 2561 2281 2424 2284 2425 2366 2557 2313 2462 2253
 [603] 2385 2429 2279 2475 2548 2310 2463 2386 2372 2449 2511 2528 2513 2560
 [617] 2254 2277 2290 2323 2506 2282 2519 2537 2397 2293 2522 2357 2329 2567
 [631] 2358 2720 2243 2324 2502 2376 2375 2423 2451 2350 2380 2487 2416 2446
 [645] 2367 2538 2545 2472  944 1238  958 1191 1010 1018 1219 1022 2220 1070
 [659] 1935 1946 2055 2061 1986 2175 2233 1016 2085 1932 2203 2186 2003 2209
 [673] 2183 2208 1910 2054 1916 2013 2213 2110 2204 2145 1970 2021 2177 2131
 [687] 2149 2062 2026 2135 1919 2129 2056 2124 1920 2120 2015 2230 2047 2070
 [701] 2057 2182 1012 2034 1042 1980 1921 2192 1952 2053 1943 2017 2000 2024
 [715] 1903 1933 2064 2082 1905 2094 1929 2173 2170 1976 2119 2234 2191 2031
 [729] 2091 2137 2051 2132 1915 1924 1947 2037 2068 2095 2036 2096 2122 2134
 [743] 1904 2180 2009 1926 2140 2089 1958 2215 2221 1948 2165 1950 2011 1961
 [757] 2088 1997 2228 2133 2126 2078 2118 2195 1930 2150 2074 2143 1934 2041
 [771] 1939 2217 1979 2010 1962 2025 2058 2112 2207 2075 2138 1998 2066 2185
 [785] 2202 2029 2059 2014 1914 2147 2121 2197 2125 2216 1988 2050 2212 1990
 [799] 2232 2012 2065 2198 2123 2210 2049 1966 2060 2154 2005 2100 1968 1972
 [813] 2153 2093 1969 2130 1931 2229 2179 2022 2128 1993 1963 1991 1957 2205
 [827] 1995 2181 1978 2235 1985 1907 2071 2127 2079 2167 2176 2223 2199 1922
 [841] 1923 1949 1994 2160 2018 2083 2194 2039 2226 1906 2045 2052 2152 2086
 [855] 2141 2113 1928 1965 2076 2111 2188 2146 2156 1909 2033 2046 1959 1927
 [869] 1940 2048 2098 1977 2171 1918 2193 1953 1960 1938 1964 1942 2172 1913
 [883] 2187 2027 2219 2016 2211 1937 2099 1955 2227 1967 2102 2206 2151 2069
 [897] 2116 2063 2077 1908 2114 2139 1973 2032 1983 1911 1971 2092 1925 1954
 [911] 1984 2159 2073 2190 1975 2030 1982 1987 1996 2020 2225 2174 2168 1941
 [925] 2090 2001 2163 2106 1917 2117 2006 2184 2189 1999 2043 2155 2144 2218
 [939] 1956 2164 2224 1992 2115 2105 2201 2028 2038 2067 2101 2214 1936 2035
 [953] 2042 2004 1981 2007 2161 2002 2178 2231 2081 2148 2166 2097 2196   78
 [967] 2626 2830  173 2607 2722 2658 2730 2838 2885 2574 2795 2744 2821 2685
 [981] 2747 2595 2726 2691 2598 2899 2631 2743 2662 2702 2825 2796 2870 2867
 [995] 2854 2876 2617 2768 2839 2600 2904 2618 2892 2619 2819 2571 2589 2634
[1009] 2581 2897 2763 2659 2794 2578 2759 2895 2592 2652 2826 2642 2690 2661
[1023] 2656 2789 2576 2844 2889 2604 2717 2890 2651 2596 2632 2827 2582 2624
[1037] 2688 2770 2850 2654 2591 2805 2798 2705 2644 2676 2804 2817 2648 2736
[1051] 2806 2812 2712 2909 2741 2863 2689 2799 2900 2681 2716 2710 2718 2627
[1065] 2902 2777 2848 2780 2660 2647 2807 2606 2740 2893 2637 2837 2646 2629
[1079] 2664 2833 2843 2612 2746 2792 2788 2866 2802 2765 2831 2840 2901 2816
[1093] 2773 2803 2695 2605 2608 2822 2858 2727 2678 2801 2714 2784 2820 2860
[1107] 2584 2707 2751 2597 2613 2761 2645 2756 2622 2810 2721 2783 2711 2828
[1121] 2829 2623 2748 2766 2575 2594 2698 2588 2869 2593 2706 2630 2672 2663
[1135] 2896 2701 2906 2758 2823 2669 2673 2757 2774 2832 2873 2891 2601 2742
[1149] 2621 2880 2641 2667 2877 2677 2679 2738 2878 2639 2700 2643 2666 2752
[1163] 2674 2834 2635 2882 2790 2793 2687 2704 2888 2859 2682 2715 2883 2693
[1177] 2908 2697 2814 2835 2907 2572 2620 2684 2636 2733 2603 2778 2731 2762
[1191] 2614 2754 2709 2771 2781 2841 2585 2887 2708 2847 2845 2879 2734 2586
[1205] 2670 2855 2590 2671 2683 2811 2779 4643 2775 2865 2579 2861 2898 2587
[1219] 2728 2753 2745 2628 2703 2750 4376 2633 2640 2875 2650 2692 2836 2725
[1233] 2813 2749 2881 2868 2653 2772 2818 2675 2668 2729 2785 2894 4509 2573
[1247] 2871 2905 2638 2577 2609 2872 2809 2616 2739 2737 2655 2625 2786 2851
[1261] 2611 2724 2732 2657 2767 2857 2694 2815 2735 2856 2719 2864 2862 2884
[1275] 2610 2696 2713 2764 2874 2797 2699 2723 2599 2853 2686 4430 4571 2680
[1289] 2886 2787 4515 4360 2580 2824 2583 2769 2791 2615 2649 2800 2903 2602
[1303] 2842 2849 2776 2665 2846 2782 2755 2852 2274 2442 2808 2570 2291 2308
[1317] 2339 2461 2760 4439 4626 4390 4445 4621 4507 4316 4302 4337 4382 4325
[1331] 4520 4537  895 4531 4642 4513 4483 4529 4558 4497 4535 4539 4588 4609
[1345] 4315 4479 4319 4625 4396 4318 4647 4637 4322 4335 4650 4432 4562 4578
[1359] 4575 4636 4353 4610 4618 4410 4433 4437 4474 4617 4301 4422 4342 4570
[1373] 4450 4620 4600 4359 4374 4488 4305 4504 4466 4482 4330 4364 4484 4586
[1387] 4417 4471 4602 4338 4348 4510 4367 4383 4394 4489 4467 4436 4585 4566
[1401] 4378 4384 4415 4524 4400 4616 4303 4494 4540 4460 4649 4379 4412 4356
[1415] 4333 4622 4361 4349 4438 4456 4442 4408 4402 4419 4644 4334 4532 4552
[1429] 4401 4423 4638 4420 4551 4527 4332 4440 4411 4363 4350 4502 4559 4508
[1443] 4327 4568 4329 4543 4362 4409 4601 4307 4555 4538 4546 4431 4605 4464
[1457] 4619 4530 4309 4407 4398 4317 4548 4446 4371 4553 4375 4496 4452 4628
[1471] 4403 4499 4627 4311 4321 4343 4563 4336 4594 4416 4475 4426 4639 4646
[1485] 4312 4385 4406 4486 4550 4462 4453 4351 4326 4564 4522 4557 4429 4579
[1499] 4630 4582 4574 4633 4498 4365 4623 4428 4470 4368 4455 4567 4399 4592
[1513] 4324 4372 4536 4542 4345 4454 4386 4569 4595 4596 4354 4389 4314 4581
[1527] 4320 4573 4370 4391 4443 4598 4377 4493 4344 4490 4418 4477 4347 4448
[1541] 4518 4629 4583 4392 4533 4545 4593 4444 4306 4476 4615 4461 4405 4435
[1555] 4387 4478 4634 4506 4612 4589 4331 4635 4480 4604 4481 4310 4340 4641
[1569] 4534 4459 4472 4556 4346 4495 4503 4516 4434 4560 4341 4561 4572 4606
[1583] 4500 4517 4590 4352 4523 4373 4511 4576 4304 4463 4577 4323 4632 4339
[1597] 4388 4457 4369 4501 4380 4491 4381 4397 4549 4544 4525 4607 4640 4547
[1611] 4313 4645 4512 4492 4541 4395 4458 4465 4608 4328 4599 4469 4565 4624
[1625] 4449 4451 4427 4587 4521 4393 4473 4631 4425 4613 4591 4355 4519 4584
[1639] 4580 4514 4357 4554 4611 4404 4413 4421 4424 4441 4358 4603 4614 4447
[1653] 4528 4485 4648 4487 4366 4468 4505 4597 4308 4414 4526  301  465  340
[1667]  506  315 4977  471  528  413  593  417  443  560  573 1081  321  367
[1681]  483  426  497  381  309  509  316  354  396  462  617  545  561  541
[1695]  332  564  441  536  478  348 4839  532  591 4692  373  403  490 4782
[1709]  540  448 4914  398  431  474 4943 4733  303  402  595  311  347  587
[1723]  392  414  312  334  437 1019  317  558  369  470  504  590  457  945
[1737]  555  362  485  383  421  499  385  610  579  399  998  346 3180 3003
[1751] 3145  304  329  469  319  419  424  585  327  589  452  406  390  520
[1765]  436  609  310  461  379  336  524  428  358  401  550  616  458  513
[1779]  533  341  519  394  505  518  323  517  557  328  575  450  344  404
[1793]  368  556  375  547  408  577  514  372  420  552  603  377  544  602
[1807]  412  502  580  434  572  349  440  400  427  495  395  337  378  338
[1821]  463  581  416  339  345  364  531  596  342  494  569  535  588  326
[1835]  454  491  380  456  488  582  407  481  501  553  559  563  305  330
[1849]  360  598  397  554  551  374  384  388  453  539  314  389  613  331
[1863]  546  594  566  333  411  527  604  460  496  498  530  565  423  493
[1877]  439  455  387  516  500  568 4959  429  538  313  425  542  607  415
[1891]  365  386  489  335  526  472  355  322  570  600  382  356  475  357
[1905]  444  363  549  376  576  459  586  492  529  508  324  611 3805  391
[1919]  482  608  422 3718  350  476  597  446  523  548  592  442  484  567
[1933]  543  351  612  353  366  606  466  359  477  393  583  370  438  562
[1947]  510  302  615  371 4661  464 4698  343  584  410  405  418  451  473
[1961]  479 3694 3947  307  361  320 3756  435  521  534 3944 3677 3737 3817
[1975] 3836 3948  306 4805 4868 4909 4950 4701 4755 4866 4743 4901  507 4927
[1989] 4907 4931  318 4882  511  512  537  503  578 4768 4806  432 4996 4830
[2003]  447 4707 4735  449  468 4809  522 4942  614  480 4824  487 4786  571
[2017]  601 4748  486 4717 4693 4838 4857 4903 4872 4926 4983  352 4848 4739
[2031] 4910 4774 4917 4820 4840 4899 4905  574 4652 4785 4794 4750 4850 4815
[2045] 4657 4669 4994 4827 4985 4688 4874 4878 4975 4754 4666 4770 4765 4799
[2059] 4800 4853 4918 4671 4883 4803 4952 4687 4925 4703 4802 4708 4813 4865
[2073] 4873 4789 4998 4814 4856 4683 4732 4790 4922 4862 4954 4986  433 4696
[2087] 4694 4752 4979 4810 4831 4871 4929 4656 4832 4902 4668 4778 4686 4724
[2101] 4676 4801 4682 4705 4746 4906 4685 4725 4851 4715 4731 4993 4897 4964
[2115] 4729 4816 4763 4773 4834 4826 4988 4936  599 4822 4726 4673 4667 4888
[2129] 4825 4875 4891 4957 4689 4811 4835 4798 4736 4817 4845 4968 4792 4937
[2143] 4987 4655 4664 4772 4890 4677 4894 4699 4982 4678 4795 4880 4781 4684
[2157] 4704 4821 4742 4893 4867 4974 4879 4658 4769 4681 4828 4972 4995 4737
[2171] 4791 4741 4842 4749 4761 4758 4762 4844 4833 4675 4847 4716 4756 4924
[2185] 4783 4885 4863 4722 4674 4915 4970 4695 4745 4777 4697 4921 4969 4973
[2199] 4923 4764 4779 4912 4981 4886 4808 4884 4920 4876 4999 4651 4679 4747
[2213] 4804 4654 4757 4660 4665 4947 4796 4653 4933 4958 4941 4662 4727 4892
[2227] 4700 4855 4710 4719 4869 4962 4734 4858 4980 4670 4711 4854 4775 4955
[2241] 5000 4807 4776 4780 4908 4935 4702 4787 4991 4940 4784 4951 4930 4812
[2255] 4967 4960 4730 4928 4740 4753 4948 4860 4934 4680 4913 4766 4767 4949
[2269] 4819 4887 4852 4721 4961 4738 4976 4841 4916 4953 4713 4919 4720 4990
[2283] 4837 4718 4861 4836 1257 1483 4728 1508 1561 1510 4889 4712 4672 4706
[2297] 4944 4904 4797 4938 4965 4843 4859 4939 4932 1325 4690 4978 4881 1334
[2311] 1494 4691 1308 1461 4877 1490 4744 4659 4946 4989 4760 4898 4911 4751
[2325] 4849 4759 4870 4997 1253 1476 1316 1302 1470 1507 1315 1434 1518 1327
[2339] 1562 1363 1432 1524 1258 1485 1294 1340 1388 1482 1261 1554 1443 1555
[2353] 1569 1264 1278 1277 1345 1305 1326 1413 1353 1515 1366 1549 1418 1313
[2367] 1365 1263 1559 1420 1556 1330 1422 1283 1379 1289 1440 1303 1354 1378
[2381] 1551 1512 1314 1320 1382 1333 1503 1545 1532 1374 1563 1394 1567 1266
[2395] 1384 1273 1564 1421 1499 1350 1370 1358 1504 1372 1377 1427 1542 1438
[2409] 1291 1530 1497 1295 1446 1466 1323 1447 1324 1380 1533 1474 1519 1517
[2423] 1293 1373 1558 1262 1390 1274 1521 1381 1496 4714 1439 1500 1389 1430
[2437] 1523 1407 1475 1271 1355 1391 1310 1428 1465 1368 1449 1522 1309 1312
[2451] 1488 1502 1454 1528 1553 1479 1331 1371 1469 1433 1369 1403 1347 1406
[2465] 1457 1492 1259 1444 1376 1473 1431 1472 1566 1415 1481 1527 1401 1419
[2479] 1410 1455 1279 1286 1451 1546 1568 1299 1477 1540 1426 1452 1336 1464
[2493] 1387 1495 1364 1395 1383 1560 1339 1424 1425 1498 1441 1572 1463 1269
[2507] 1570 1516 1400 1270 1272 1317 1282 1429 1525 1544 1265 1311 4992 1306
[2521] 1361 1405 4971 1480 1536 1573 4788 1301 4793 1321 1539 4984 1338 4829
[2535] 4966 1287 1487 1467 1343 1501 1267 1280 1458 1537 1318 1328 1445 1535
[2549] 1276 1335 1468 1459 1329 1392 1408 1296 1341 1453 1409 1304 1375 1456
[2563] 1322 1448 4709 1471 1342 1511 1526 1531 1255 1367 1297 1462 1550 1552
[2577] 1284 1298 1352 1398 4900 1275 1486 1412 1346 1360 1399 1493 1478 1520
[2591] 1319 1307 4663 4963 4846 4864 4723 4771 4895 4945 4818 4823 4956 4896
[2605] 1260 1268 1547 1332 1437 1414 1285 1571 1386 1534 1356 1436 1292 1337
[2619] 1411 1254 1529 1538 1557 1565 1548 1344 1442 1450 1484 1362 1385 1489
[2633] 1514 1281 1348 1290 1357 1460 1543 1506 1404 1359 1402 1491 1397 1288
[2647] 1300 1396 1256 1435 1513 1349 1393 1351 1505 1416 1541 1417 1509 1912
[2661] 2019 2109 1945 2023 2162 1423 2104  308  325 1077 1168 1098 1127 1121
[2675] 1246  409 1068  515 1063  985 1126 1055  933  961  938 1051 1135  972
[2689] 1124 1240 1005 1008 1174 1225  941  973 1026 1076  966 1002  999 1107
[2703] 1180  936 1208  984 1244 1003 1136 1071 1200  943 1195 1064 1233  978
[2717] 1049 1085 1187  937 1039 1134 1014 1099  940 1145 1027 1141 1065  997
[2731] 1103 1123 1251  942 1050 1122  993 1115  950 1046  996 1029 1182 1024
[2745] 1159 1237 1243  947 1007 1147  956 1075 1213  952 1006 1143 1035 1109
[2759] 1234 1138 1090  990 1193 1250  992  948 1044 1078 1091  964 1060 1061
[2773] 1100 1130 1154 1160  954  960  991 1048 1058 1217 1054  980 1038 1224
[2787]  981 1142 1177  962 1087 1173 1179 1120 1218 1239 1045 1183 1011 1105
[2801] 1176 1033 1172 1212 1206 1036 1056 1229 1247 1201 1025 1155 1189 1170
[2815] 1249 1223  976 1095 1144 1157 1047 1194 1202 1137 1152 1184 1102 1133
[2829] 1248  951 1221  969 1181  974  953 1117  971  995 1192 1037 1084  994
[2843] 1057 1067 1186 1146 1162  979 1089 1245 1034 1111 1001 1178 1017 1094
[2857] 1013 1041 1158 1114 1156 1163 1165  934  983  939 1110 1220 1021 1092
[2871] 1242  968 1227 1167 1196  963 1209 1236 1043 1131 1175  965 1207 1073
[2885] 1086 1125 1190 1132 1222 1080 1118 1166 1088 1216 1097 1150  967  970
[2899] 1062 1139 1161 1108 1235  982 1104 1023 1205 1119 1149 1228 3052 1020
[2913] 1185 1116 2965 2986 3067 3087 3147 3166  946 1129  986 1715  989 1000
[2927] 1004 1040 1655 1716 1066 1148 1093 1683 1169  949 1082 1215 1861  987
[2941] 1052  935 1106 1153 1171 1232  975 1096 1009 1015 1069  988  977 1072
[2955] 1053 1140 1028 1188 1198 1214 1241 1197  955 1226 1032 1074 1079 1112
[2969] 1164  957 1199 1203 1059 1210 1211 1113 1030 1252 1083 1101 1230 1204
[2983] 1231  430  525  467  605 1031 2941 3054 2951 3214 3090 3091 3227 3026
[2997] 3075 2933 3025 3032 3154 3031 3143 3013 3244 2952 3155 2993 3055 1128
[3011] 2910 3046 3064 3232 2929 3134 3103 3177 2944 3073 3201 3002 3114 3076
[3025] 3228 3004 3088 3241 3001 3175 3243 3074 3199 3146 3158 2937 3084 3007
[3039] 2963 3071 3105 3019 3188 3206 2922 3066 3093 3170 3011 3139 2928 3237
[3053] 3234 2935 3253 3022 3223 3100 2967 3085 3153 2989 3126 3045 3098 2912
[3067] 3254 3217 2913 2968 2985 3210 3008 2994 3163 3136 2918 2997 2978 2917
[3081] 3193 2980 3102 3249 3149 3213 3224 3072 3095 3107 3168 2916 2981 3009
[3095] 2982 3121 3150 2919 2958 3133 3157 3203 2969 3106 3120 3101 3248 3086
[3109] 3182 2926 2973 3208 3159 2984 3053 3020 3047 3092 3056 2934 3164 2940
[3123] 3051 3127 3197 3034 3042 3245 2948 2957 3192 2966 3043 3230 3023 3194
[3137] 3024 2942 3117 3186 3037 3240 2932 2945 3181 3057 2959 3048 3183 2962
[3151] 3005 2936 2953 2996 3129 2975 3242 3231 2987 2992 2998 3144 3246 3221
[3165] 2924 3219 2946 3233 3236 2974 3226 3113 3078 3174 3015 3063 3077 3189
[3179] 3125 3179 2925 3135 3122 2979 3172 3027 3151 3059 3225 2921 3138 3104
[3193] 3178 3185 2960 2970 3195 3252 3014 2938 3097 2949 3018 3081 3082 3070
[3207] 3021 3061 3160 3165 3065 3108 3044 3196 3205 3028 3111 3202 2927 3040
[3221] 3169 3123 2999 3041 2971 3035 3173 3184 2976 3049 3118 3222 3058 2954
[3235] 3191 2990 2955 3187 3216 3229 3094 3200 2995 3096 3198 3115 3235 2930
[3249] 3033 2988 3131 3218 2956 3069 3062 3142 2943 3176 2947 3128 3000 3119
[3263] 2950 3050 3036 3112 3017 3039 3207 3029 3099 3161 3030 3162 3130 2931
[3277] 3006 3209 2983 3012 3220 3110 3109 3124 3038 3137 3247 2977 3152 3250
[3291] 3016 3148 3140 3211 2911 4255 3212 3239 2939 3141 3156 2961 3068 2914
[3305] 3010 3190 3060 2920 2991 3083 3089 2915 2972 4129 4254 2964 3171 3116
[3319] 3238 3167 3080 4054 3251 3975 3215 4050 4243 3079 4090 4036 4076  670
[3333]  672 1615 1622 1748 1804 1858 1794 1582 1659 1626 1731 1767 1644 1728
[3347] 1773 1679 1876 1771 1869 1605 1671 1793 1710 1864 1782 1585 1798 1753
[3361] 1799 1836 1893 1788  959 1750 1151 1591 1749 1789 1628 1631 1723 1766
[3375] 1829 1868 1837 1574 1733 1643 1730 1838 1669 1830 1678 1796 1722 1863
[3389] 1581 1692 1855 1900 1666 1891 1717 1805 1586 1802 1637 1761 1850 1657
[3403] 1668 1756 1878 1575 1606 1806 1583 1625 1820 1741 1695 1610 1882 1713
[3417] 1596 1688 1651 1699 1824 1828 1862 1703 1604 1737 1801 1613 1872 1639
[3431] 1700 1865 1674 1725 1609 1614 1898 1735 1578 1851 1817 1587 1867 1873
[3445] 1650 1870 1608 1727 1662 1755 1877 1746 1818 1684 1616 1835 1774 1859
[3459] 1719 1721 1738 1600 1667 1705 1652 1896 1654 1762 1808 1729 1752 1775
[3473] 1706 1787 1744 1894 1576 1638 1607 1635 1776 1689 1696 1708 1849 1751
[3487] 1577 1807 1711 1819 1629 1790 1754 1732 1661 1760 1720 1768 1687 1902
[3501] 1611 1884 1795 1693 1875 1653 1745 1791 1592 1599 1680 1846 1743 1697
[3515] 1848 1640 1780 1691 1883 1632 1874 1702 1694 1879 1685 1595 1624 1816
[3529] 1779 1641 1739 1888 1602 1783 1603 1843 1885 1690 1886 1901 1784 1809
[3543] 1866 1704 1815 1821 1601 1772 1847 1647 1646 1621 1844 1897 1677 1781
[3557] 1718 1826 1840 1759 1612 1681 1853 1660 1617 1813 1822 1686 1854 1803
[3571] 1698 1899 1736 1636 1620 1663 1676 1825 1658 1800 1823 1714 1764 1579
[3585] 1814 1812 1895 1645 1792 1833 1590 1881 1665 1757 1675 1832 1890 1682
[3599] 1633 1769 1623 1642 1770 1672 1709 1765 1811 1857 1880 1887 1701 1797
[3613] 1763 1856 1588 1724 1707 1842 1648 1845 1664 1892 1619 1777 1627 1580
[3627] 1778 1712 1785 1673 1839 1593 1747 1597 1740 1786 1584 1649 1594 1726
[3641] 1889 1630 1742 1834 1589 1656 1831 1810 1634 1841 1871 1827 1860 1598
[3655] 1670 1618 1734 1852 1758  659  920  747 4026 3972 4237 4021 4186 4169
[3669] 4133 4138 4264 4183 4292 4028 4195 4048 4112 4280 4067 4247 3994 4103
[3683] 4070 4178 4210 4227 4148 4277 4291 4248 4191 4272 4287 2923 3204 4010
[3697] 4068 4087 4204 3990 4065 3995 4217 4002 4289 3954 4089 4185 4093 3964
[3711] 4018 4199 4223 4261 3989 4013 4285 4192 4160 4208 3968 4244 3988 4078
[3725] 4030 4116 4072 4182 4080 4086 4124 4249 4003 4098 4079 4115 4220 4029
[3739] 4241 4075 4037 4052 4266 4216 3132 4091 3980 4063 4219 4047 3966 4256
[3753] 3971 3985 4201 3974 4189 4242 4049 4101 4215 4276 4296 3991 4258 4008
[3767] 4184 4020 4105 4107 4232 4064 4260 4019 4131 3951 3986 4039 4108 4214
[3781] 4262 4042 4226 3970 3977 4024 4005 4240 4032 4286 4250 4162 4097 4109
[3795] 4245 3957 4166 4225 4017 4259 4165 4174 4006 4299 4159 4170 4253 4110
[3809] 4202 3960 3993 3969 4177 4134 3982 4044 4057 4164 4293 4073 4238 4230
[3823] 3965 4045 4016 4081 4211 4179 4058 4051 4055 4122 4106 4121 4203 4147
[3837] 4157 4207 3979 3997 4231 4172 4197 3996 4056 4046 4119 4061 3973 4000
[3851] 4069 4083 4031 4004 4123 4152 4176 4094 4034 4294 4113 4187 4140 4171
[3865] 4163 4257 3953 4120 3976 4273 4252 4284 4173 4033 4196 4190 3962 4288
[3879] 4198 4263 4154 4167 4233 3999 4099 4279 3955 4007 4092 4151 4038 3956
[3893] 4066 4265 4009 4213 3967 4270 3987 4194 3978 4150 4153 4281 4095 4222
[3907] 4275 3981 4168 4135 4114 4035 4298 4221 4282 4300 4060 4218 4125 4206
[3921] 4209 4235 3958 4043 4059 4102 4104 4027 4128 4175 3952 4084 4158 4268
[3935] 3983 4001 4181 4228 3998 4022 4251 4023 3963 4136 4145 4234 4011 4074
[3949] 4236 4229 4149 4246 4015 4205 4117 4077 4100 4041 4224 4278 4161 4082
[3963] 4127 4283 4142 4118 4139 4096 4188 4180 4200 4274 4012 4085 4137 3984
[3977] 4053 4132 4141 4290 4014 4144 4146 4040 4025 4062 4071 4267 4212 4295
[3991] 4239 3992 4193 4088 4143 4271 4155 4269 3291 3302 3413 3330 3563 3513
[4005] 3367 3509 3558 3544 4297 3961 3535 3556 3959 4156 4111 4126 4130  618
[4019]  779  905  931  644  869  660  691  870  762  798  737  787  724  914
[4033]  732  620  824  727  797  648  924  632  751  773  634  745  795  836
[4047]  921  835  761  871  654  829  840  786  883  640  686  826  740  877
[4061]  928  888  704  776  769  793  917  831  643  811  736  808  778  901
[4075]  765  757  696  758  849  662  872  712  848  701  763  738  851  801
[4089]  721  770  650  907  744  752  796  864  700  843  759  718  922  910
[4103]  667  671  899  932  692  841  862  674  695  855  722  827  626  802
[4117]  904  913  697  906  629  709  631  873  637  678  794  903  716  853
[4131]  856  636  677  866  723  642  785  789  810  902  655  846  897  767
[4145]  893  658  909  930  683  814  780  825  717  782  679  693  681  689
[4159]  867  748  887  619  668  881  775  818  734  753  760  822  790  622
[4173]  728  859  791  912  755  891  657  828  735  774  664  768  833  621
[4187]  676  638  653  813  625  876  713  882  707  729  720  771  719  792
[4201]  624  926  863  807  630  800  858  647  651  706  820  673  918  627
[4215]  715  688  687  925  766  916  890  628  669  844  656  781  929  663
[4229]  886  839  898  698  885  641  838  816  699  730  725  742  803  927
[4243]  645  823  832  900  749  889  756  923  852  646  777  894  710  857
[4257]  703  788  847  739  750  884  809  878  690  817  861  743  799  819
[4271]  860  623  784  837  635  711  804  705  741  733  874  805  854  639
[4285]  680  682  726  746  783  845  661  754  850  665  880  915  830  911
[4299]  685  714  652  919  675  694  821  633  865  702  806  868  892  815
[4313]  649  834  666  684  772  708  875  731  879  812  842  908  764  896
[4327]  445 3837 3678 3811 3921 3608 3781 3658 3698 3846 3794 3854 3851 3662
[4341] 3941 3911 3696 3697 3783 3788 3932 3707 3879 3772 3870 3601 3813 3644
[4355] 3751 3855 3926 3861 3691 3801 3713 3857 3652 3797 3670 3739 3604 3661
[4369] 3743 3804 3883 3897 3769 3823 3633 3669 3802 3627 3666 3668 3682 3819
[4383] 3888 3748 3868 3886 3826 3864 3896 3606 3645 3907 3610 3927 3785 3714
[4397] 3917 3722 3892 3908 3774 3904 3815 3647 3711 3808 3936 3759 3885 3602
[4411] 3681 3818 3796 3847 3643 3891 3930 3671 3725 3834 3654 3935 3765 3675
[4425] 3674 3871 3741 3924 3840 3905 3942 3746 3795 3914 3809 3824 3618 3919
[4439] 3619 3880 3688 3775 3922 3733 3895 3636 3766 3799 3807 3640 3881 3659
[4453] 3734 3812 3803 3872 3876 3603 3893 3663 3762 3753 3736 3918 3650 3845
[4467] 3676 3686 3835 3747 3653 3778 3946 3717 3770 3764 3789 3828 3859 3607
[4481] 3634 3685 3889 3898 3899 3660 3833 3616 3784 3689 3850 3750 3611 3617
[4495] 3702 3915 3716 3820 3706 3744 3782 3614 3798 3639 3779 3873 3906 3909
[4509] 3920 3656 3842 3877 3684 3730 3928 3621 3742 3780 3757 3860 3931 3728
[4523] 3637 3945 3630 3848 3900 3791 3679 3687 3773 3792 3692 3790 3841 3787
[4537] 3829 3719 3949 3721 3934 3878 3856 3865 3613 3866 3729 3763 3844 3623
[4551] 3649 3625 3628 3715 3615 3651 3810 3882 3620 3642 3858 3916 3839 3693
[4565] 3701 3612 3822 3754 3814 3832 3705 3940 3664 3843 3727 3680 3887 3726
[4579] 3735 3655 3672 3760 3777 3902 3903 3912 3724 3738 3700 3937 3638 3869
[4593] 3695 3943 3938 3771 3665 3767 3673 3731 3683 3708 3831 3605 3939 3806
[4607] 3632 3894 3723 3867 3821 3622 3890 3667 3624 3626 3749 3929 3629 3825
[4621] 3901 3852 3830 3641 3740 3933 3862 3699 3768 3709 3800 3786 3838 3732
[4635] 3609 3710 3703 3635 3712 3758 3755 3690 3875 3793 3863 3923 3646 3745
[4649] 3849 3657 3925 3631 3648 3752 3950 3913 3704 3761 3720 3816 3776 3910
[4663] 3874 3255 3560 3344 3357 3424 3305 3359 3564 3321 3331 3442 3341 3459
[4677] 3276 3421 3462 3284 3542 3376 3385 3414 3501 3372 3454 3273 3440 3579
[4691] 3455 3280 3283 3286 3386 3546 3598 3395 3410 3580 3582 3298 3537 3329
[4705] 3565 3391 3336 3468 3498 3308 3429 3400 3519 3552 3449 3256 3356 3378
[4719] 3325 3475 3353 3592 3432 3500 3593 3295 3337 3561 3571 3309 3451 3480
[4733] 3570 3257 3550 3502 3504 3531 3576 3380 3403 3453 3591 3260 3282 3587
[4747] 3268 3488 3557 3517 3294 3287 3538 3401 3578 3581 3476 3547 3290 3525
[4761] 3437 3351 3377 3426 3340 3373 3499 3559 3281 3583 3595 3319 3296 3467
[4775] 3494 3322 3346 3297 3529 3590 3409 3266 3569 3311 3490 3456 3324 3425
[4789] 3277 3306 3474 3514 3334 3484 3493 3541 3574 3304 3438 3553 3510 3515
[4803] 3596 3370 3466 3486 3600 3599 3259 3263 3524 3274 3335 3508 3522 3585
[4817] 3271 3417 3392 3566 3307 3496 3407 3460 3543 3343 3477 3318 3555 3361
[4831] 3382 3428 3435 3479 3328 3381 3423 3390 3445 3443 3285 3404 3327 3365
[4845] 3393 3408 3464 3402 3364 3450 3267 3554 3314 3355 3481 3487 3383 3415
[4859] 3483 3470 3379 3397 3497 3597 3505 3338 3368 3530 3594 3469 3489 3362
[4873] 3434 3262 3352 3279 3545 3394 3567 3316 3270 3312 3551 3299 3452 3300
[4887] 3292 3278 3345 3418 3348 3420 3366 3526 3589 3411 3528 3482 3518 3503
[4901] 3342 3398 3436 3473 3265 3472 3354 3416 3419 3406 3375 3430 3512 3521
[4915] 3439 3568 3326 3491 3347 3457 3549 3575 3586 3275 3301 3572 3412 3562
[4929] 3511 3289 3369 3532 3317 3332 3536 3360 3261 3333 3388 3320 3427 3507
[4943] 3387 3396 3523 3264 3520 3492 3384 3444 3448 3495 3315 3389 3463 3349
[4957] 3539 3350 3358 3478 3584 3363 3506 3441 3485 3313 3433 3461 3371 3339
[4971] 3269 3471 3573 3405 3258 3303 3293 3399 3431 3446 3548 3588 3374 3527
[4985] 3516 3577 3310 3540 3422 3447 3272 3533 3323 3458 3534 3465 3884 3827
[4999] 3288 3853
Height (summary):
    Min.  1st Qu.   Median     Mean  3rd Qu.     Max. 
    23.1   2536.0   5721.0  10980.0  12040.0 515400.0 

Available components:
[1] "order"  "height" "ac"     "merge"  "diss"   "call"   "method" "data" 
